{
 "cells": [
  {
   "cell_type": "markdown",
   "metadata": {},
   "source": [
    "# CSE474/574 - Programming Assignment 1\n",
    "\n",
    "For grading, we will execute the submitted notebook as follows:\n",
    "\n",
    "```shell\n",
    "jupyter nbconvert --to python PA1Script.ipynb\n",
    "python PA1Script.py\n",
    "```"
   ]
  },
  {
   "cell_type": "code",
   "execution_count": 96,
   "metadata": {},
   "outputs": [],
   "source": [
    "import numpy as np\n",
    "from scipy.optimize import minimize\n",
    "import matplotlib.pyplot as plt\n",
    "import pickle"
   ]
  },
  {
   "cell_type": "markdown",
   "metadata": {},
   "source": [
    "## Part 1 - Linear Regression"
   ]
  },
  {
   "cell_type": "markdown",
   "metadata": {},
   "source": [
    "### Problem 1 - Linear Regression with Direct Minimization"
   ]
  },
  {
   "cell_type": "code",
   "execution_count": 97,
   "metadata": {},
   "outputs": [
    {
     "name": "stdout",
     "output_type": "stream",
     "text": [
      "PROBLEM 1\n",
      "----------\n"
     ]
    }
   ],
   "source": [
    "print('PROBLEM 1')\n",
    "print('----------')"
   ]
  },
  {
   "cell_type": "code",
   "execution_count": 98,
   "metadata": {},
   "outputs": [],
   "source": [
    "def learnOLERegression(X,y):\n",
    "    # Inputs:                                                         \n",
    "    # X = N x d \n",
    "    # y = N x 1                                                               \n",
    "    # Output: \n",
    "    # w = d x 1 \n",
    "    w = np.linalg.inv(X.T @ X) @ (X.T @ y)\n",
    "    # IMPLEMENT THIS METHOD - REMOVE THE NEXT LINE\n",
    "    #w = np.zeros((X.shape[0],1))\n",
    "    return w"
   ]
  },
  {
   "cell_type": "code",
   "execution_count": 99,
   "metadata": {},
   "outputs": [],
   "source": [
    "def testOLERegression(w,Xtest,ytest):\n",
    "    # Inputs:\n",
    "    # w = d x 1\n",
    "    # Xtest = N x d\n",
    "    # ytest = N x 1\n",
    "    # Output:\n",
    "    # rmse = scalar value\n",
    "    N = len(Xtest)\n",
    "    RSS = np.sum([(ytest[i]-(w.T @ Xtest[i]))**2 for i in range(N)])\n",
    "    rmse = np.sqrt((1/N)* RSS)\n",
    "    return rmse"
   ]
  },
  {
   "cell_type": "code",
   "execution_count": 100,
   "metadata": {},
   "outputs": [
    {
     "name": "stdout",
     "output_type": "stream",
     "text": [
      "RMSE without intercept on train data - 138.20\n",
      "RMSE with intercept on train data - 46.77\n",
      "RMSE without intercept on test data - 326.76\n",
      "RMSE with intercept on test data - 60.89\n"
     ]
    }
   ],
   "source": [
    "Xtrain,ytrain,Xtest,ytest = pickle.load(open('diabetes.pickle','rb'),encoding='latin1')   \n",
    "# add intercept\n",
    "x1 = np.ones((len(Xtrain),1))\n",
    "x2 = np.ones((len(Xtest),1))\n",
    "\n",
    "Xtrain_i = np.concatenate((np.ones((Xtrain.shape[0],1)), Xtrain), axis=1)\n",
    "Xtest_i = np.concatenate((np.ones((Xtest.shape[0],1)), Xtest), axis=1)\n",
    "\n",
    "w = learnOLERegression(Xtrain,ytrain)\n",
    "w_i = learnOLERegression(Xtrain_i,ytrain)\n",
    "\n",
    "rmse = testOLERegression(w,Xtrain,ytrain)\n",
    "rmse_i = testOLERegression(w_i,Xtrain_i,ytrain)\n",
    "print('RMSE without intercept on train data - %.2f'%rmse)\n",
    "print('RMSE with intercept on train data - %.2f'%rmse_i)\n",
    "\n",
    "rmse = testOLERegression(w,Xtest,ytest)\n",
    "rmse_i = testOLERegression(w_i,Xtest_i,ytest)\n",
    "print('RMSE without intercept on test data - %.2f'%rmse)\n",
    "print('RMSE with intercept on test data - %.2f'%rmse_i)\n"
   ]
  },
  {
   "cell_type": "markdown",
   "metadata": {},
   "source": [
    "### Problem 2 - Linear Regression with Gradient Descent"
   ]
  },
  {
   "cell_type": "code",
   "execution_count": 101,
   "metadata": {},
   "outputs": [
    {
     "name": "stdout",
     "output_type": "stream",
     "text": [
      "PROBLEM 2\n",
      "----------\n"
     ]
    }
   ],
   "source": [
    "print('PROBLEM 2')\n",
    "print('----------')"
   ]
  },
  {
   "cell_type": "code",
   "execution_count": 102,
   "metadata": {},
   "outputs": [],
   "source": [
    "def regressionObjVal(w, X, y):\n",
    "\n",
    "    # compute squared error (scalar) with respect\n",
    "    # to w (vector) for the given data X and y      \n",
    "    #\n",
    "    # Inputs:\n",
    "    # w = d x 1\n",
    "    # X = N x d\n",
    "    # y = N x 1\n",
    "    # Output:\n",
    "    # error = scalar value\n",
    "    \n",
    "    # IMPLEMENT THIS METHOD - REMOVE THE NEXT LINE\n",
    "    Xw = np.dot(X, w)\n",
    "    J = 0.5 * np.dot(np.transpose(y-Xw), (y-Xw))\n",
    "    \n",
    "    error = 0\n",
    "    return error\n"
   ]
  },
  {
   "cell_type": "code",
   "execution_count": 103,
   "metadata": {},
   "outputs": [],
   "source": [
    "def regressionGradient(w, X, y):\n",
    "\n",
    "    # compute gradient of squared error (scalar) with respect\n",
    "    # to w (vector) for the given data X and y   \n",
    "    \n",
    "    # Inputs:\n",
    "    # w = d x 1\n",
    "    # X = N x d\n",
    "    # y = N x 1\n",
    "    # Output:\n",
    "    # gradient = d length vector (not a d x 1 matrix)\n",
    "\n",
    "    # IMPLEMENT THIS METHOD - REMOVE THE NEXT LINE \n",
    "    # error_grad = np.zeros((X.shape[1],))\n",
    "    # X'Xw - X'y\n",
    "    error_grad = (np.dot(np.dot(np.transpose(X), X), w) - np.dot(np.transpose(X), y)).shape[1]\n",
    "    return error_grad"
   ]
  },
  {
   "cell_type": "code",
   "execution_count": 104,
   "metadata": {},
   "outputs": [
    {
     "name": "stdout",
     "output_type": "stream",
     "text": [
      "[[3378109. 3378109. 3378109. ... 3378109. 3378109. 3378109.]\n",
      " [3378109. 3378109. 3378109. ... 3378109. 3378109. 3378109.]\n",
      " [3378109. 3378109. 3378109. ... 3378109. 3378109. 3378109.]\n",
      " ...\n",
      " [3378109. 3378109. 3378109. ... 3378109. 3378109. 3378109.]\n",
      " [3378109. 3378109. 3378109. ... 3378109. 3378109. 3378109.]\n",
      " [3378109. 3378109. 3378109. ... 3378109. 3378109. 3378109.]]\n",
      "[[3391147.33028292 3400110.63593614 3391308.69298743 ... 3411470.49701884\n",
      "  3410213.63976406 3396814.23715986]\n",
      " [3400110.63593614 3409103.61600439 3400272.53285693 ... 3420501.08567098\n",
      "  3419240.06739511 3405796.30398816]\n",
      " [3391308.69298743 3400272.53285693 3391470.06530922 ... 3411633.07099151\n",
      "  3410376.13882757 3396975.93761409]\n",
      " ...\n",
      " [3411470.49701884 3420501.08567098 3411633.07099151 ... 3431946.21948125\n",
      "  3430679.92763519 3417179.94249751]\n",
      " [3410213.63976406 3419240.06739511 3410376.13882757 ... 3430679.92763519\n",
      "  3429414.21925797 3415920.45450358]\n",
      " [3396814.23715986 3405796.30398816 3396975.93761409 ... 3417179.94249751\n",
      "  3415920.45450358 3402493.00549018]]\n",
      "[[3380861.32472503 3382751.63425125 3380895.35518983 ... 3385147.36351141\n",
      "  3384882.29955691 3382056.44273931]\n",
      " [3382751.63425125 3384643.26862138 3382785.68856667 ... 3387040.67695435\n",
      "  3386775.42722691 3383947.58987694]\n",
      " [3380895.35518983 3382785.68856667 3380929.386084   ... 3385181.44805448\n",
      "  3384916.38075559 3382090.48828328]\n",
      " ...\n",
      " [3385147.36351141 3387040.67695435 3385181.44805448 ... 3389440.21330065\n",
      "  3389174.7281294  3386344.38070407]\n",
      " [3384882.29955691 3386775.42722691 3384916.38075559 ... 3389174.7281294\n",
      "  3388909.26900769 3386079.1992976 ]\n",
      " [3382056.44273931 3383947.58987694 3382090.48828328 ... 3386344.38070407\n",
      "  3386079.1992976  3383252.09032003]]\n",
      "[[3378690.43812798 3379089.69219371 3378697.62573469 ... 3379595.69644023\n",
      "  3379539.7120313  3378942.86013592]\n",
      " [3379089.69219371 3379489.00540842 3379096.88086525 ... 3379995.08461882\n",
      "  3379939.09191587 3379342.15159764]\n",
      " [3378697.62573469 3379096.88086525 3378704.81336057 ... 3379602.88646131\n",
      "  3379546.90190307 3378950.04841585]\n",
      " ...\n",
      " [3379595.69644023 3379995.08461882 3379602.88646131 ... 3380501.2588365\n",
      "  3380445.25562193 3379848.20323888]\n",
      " [3379539.7120313  3379939.09191587 3379546.90190307 ... 3380445.25562193\n",
      "  3380389.25357037 3379792.21358619]\n",
      " [3378942.86013592 3379342.15159764 3378950.04841585 ... 3379848.20323888\n",
      "  3379792.21358619 3379195.30578688]]\n",
      "[[3378231.85032336 3378316.20393222 3378233.36890668 ... 3378423.11150801\n",
      "  3378411.28323289 3378285.18154564]\n",
      " [3378316.20393222 3378400.56018184 3378317.72256308 ... 3378507.47110448\n",
      "  3378495.64245906 3378369.53682408]\n",
      " [3378233.36890668 3378317.72256308 3378234.88749086 ... 3378424.63019913\n",
      "  3378412.80191734 3378286.70015902]\n",
      " ...\n",
      " [3378423.11150801 3378507.47110448 3378424.63019913 ... 3378614.3862688\n",
      "  3378602.55715409 3378476.44651586]\n",
      " [3378411.28323289 3378495.64245906 3378412.80191734 ... 3378602.55715409\n",
      "  3378590.72809129 3378464.61800662]\n",
      " [3378285.18154564 3378369.53682408 3378286.70015902 ... 3378476.44651586\n",
      "  3378464.61800662 3378338.51382348]]\n",
      "[[3378134.95754848 3378152.7808081  3378135.27841329 ... 3378175.36954501\n",
      "  3378172.87032273 3378146.22601978]\n",
      " [3378152.7808081  3378170.60418561 3378153.10167503 ... 3378193.19307195\n",
      "  3378190.69383314 3378164.04935394]\n",
      " [3378135.27841329 3378153.10167503 3378135.59927814 ... 3378175.69041463\n",
      "  3378173.19119206 3378146.54688593]\n",
      " ...\n",
      " [3378175.36954501 3378193.19307195 3378175.69041463 ... 3378215.78214766\n",
      "  3378213.2828879  3378186.63818531]\n",
      " [3378172.87032273 3378190.69383314 3378173.19119206 ... 3378213.2828879\n",
      "  3378210.78363045 3378184.13895259]\n",
      " [3378146.22601978 3378164.04935393 3378146.54688593 ... 3378186.63818532\n",
      "  3378184.13895259 3378157.4945382 ]]\n",
      "[[3378114.48471573 3378118.25068487 3378114.55251292 ... 3378123.02357648\n",
      "  3378122.49550282 3378116.86568958]\n",
      " [3378118.25068487 3378122.01665928 3378118.31848216 ... 3378126.78955755\n",
      "  3378126.26148316 3378120.63166206]\n",
      " [3378114.55251292 3378118.31848216 3378114.62031012 ... 3378123.09137389\n",
      "  3378122.56330021 3378116.93348684]\n",
      " ...\n",
      " [3378123.02357648 3378126.78955755 3378123.09137389 ... 3378131.56246429\n",
      "  3378131.03438896 3378125.40455788]\n",
      " [3378122.49550282 3378126.26148316 3378122.56330021 ... 3378131.03438896\n",
      "  3378130.50631372 3378124.87648375]\n",
      " [3378116.86568959 3378120.63166206 3378116.93348684 ... 3378125.40455788\n",
      "  3378124.87648375 3378119.24666555]]\n",
      "[[3378110.15889802 3378110.9546316  3378110.17322329 ... 3378111.96312369\n",
      "  3378111.85154393 3378110.66198788]\n",
      " [3378110.9546316  3378111.75036541 3378110.96895687 ... 3378112.7588578\n",
      "  3378112.64727801 3378111.4577216 ]\n",
      " [3378110.17322329 3378110.96895687 3378110.18754855 ... 3378111.97744897\n",
      "  3378111.86586921 3378110.67631314]\n",
      " ...\n",
      " [3378111.96312369 3378112.7588578  3378111.97744897 ... 3378113.76735057\n",
      "  3378113.65577073 3378112.46621388]\n",
      " [3378111.85154393 3378112.64727801 3378111.86586921 ... 3378113.65577073\n",
      "  3378113.5441909  3378112.35463409]\n",
      " [3378110.66198787 3378111.4577216  3378110.67631314 ... 3378112.46621388\n",
      "  3378112.35463409 3378111.16507781]]\n",
      "[[3378109.2448705  3378109.41300579 3378109.24789737 ... 3378109.6260961\n",
      "  3378109.60251974 3378109.35117135]\n",
      " [3378109.41300579 3378109.58114109 3378109.41603266 ... 3378109.79423141\n",
      "  3378109.77065506 3378109.51930665]\n",
      " [3378109.24789737 3378109.41603266 3378109.25092424 ... 3378109.62912297\n",
      "  3378109.60554661 3378109.35419822]\n",
      " ...\n",
      " [3378109.6260961  3378109.79423141 3378109.62912297 ... 3378110.00732175\n",
      "  3378109.9837454  3378109.73239696]\n",
      " [3378109.60251974 3378109.77065506 3378109.60554661 ... 3378109.9837454\n",
      "  3378109.96016904 3378109.70882061]\n",
      " [3378109.35117135 3378109.51930665 3378109.35419822 ... 3378109.73239696\n",
      "  3378109.70882061 3378109.45747221]]\n",
      "[[3378109.05174015 3378109.08726647 3378109.05237972 ... 3378109.1322916\n",
      "  3378109.12731001 3378109.0742011 ]\n",
      " [3378109.08726647 3378109.12279278 3378109.08790603 ... 3378109.16781791\n",
      "  3378109.16283632 3378109.10972741]\n",
      " [3378109.05237972 3378109.08790603 3378109.05301928 ... 3378109.13293116\n",
      "  3378109.12794957 3378109.07484066]\n",
      " ...\n",
      " [3378109.1322916  3378109.16781791 3378109.13293116 ... 3378109.21284304\n",
      "  3378109.20786145 3378109.15475254]\n",
      " [3378109.12731001 3378109.16283632 3378109.12794957 ... 3378109.20786145\n",
      "  3378109.20287986 3378109.14977095]\n",
      " [3378109.0742011  3378109.10972741 3378109.07484067 ... 3378109.15475254\n",
      "  3378109.14977095 3378109.09666204]]\n",
      "[[3378109.01093249 3378109.01843906 3378109.01106763 ... 3378109.02795268\n",
      "  3378109.0269001  3378109.0156784 ]\n",
      " [3378109.01843906 3378109.02594562 3378109.01857419 ... 3378109.03545926\n",
      "  3378109.03440666 3378109.02318496]\n",
      " [3378109.01106763 3378109.01857419 3378109.01120276 ... 3378109.02808783\n",
      "  3378109.02703523 3378109.01581353]\n",
      " ...\n",
      " [3378109.02795268 3378109.03545926 3378109.02808783 ... 3378109.04497288\n",
      "  3378109.04392029 3378109.03269859]\n",
      " [3378109.0269001  3378109.03440666 3378109.02703523 ... 3378109.04392029\n",
      "  3378109.0428677  3378109.031646  ]\n",
      " [3378109.0156784  3378109.02318496 3378109.01581353 ... 3378109.03269859\n",
      "  3378109.031646   3378109.0204243 ]]\n",
      "[[3378109.00230999 3378109.0038961  3378109.00233855 ... 3378109.00590629\n",
      "  3378109.00568388 3378109.00331277]\n",
      " [3378109.0038961  3378109.00548221 3378109.00392465 ... 3378109.0074924\n",
      "  3378109.00726999 3378109.00489889]\n",
      " [3378109.00233855 3378109.00392465 3378109.0023671  ... 3378109.00593484\n",
      "  3378109.00571243 3378109.00334134]\n",
      " ...\n",
      " [3378109.00590629 3378109.0074924  3378109.00593484 ... 3378109.00950259\n",
      "  3378109.00928018 3378109.00690908]\n",
      " [3378109.00568388 3378109.00726999 3378109.00571243 ... 3378109.00928018\n",
      "  3378109.00905777 3378109.00668667]\n",
      " [3378109.00331278 3378109.00489889 3378109.00334134 ... 3378109.00690908\n",
      "  3378109.00668667 3378109.00431558]]\n",
      "[[3378109.00048809 3378109.00082323 3378109.00049413 ... 3378109.00124797\n",
      "  3378109.00120098 3378109.00069998]\n",
      " [3378109.00082323 3378109.00115837 3378109.00082926 ... 3378109.00158312\n",
      "  3378109.00153612 3378109.00103512]\n",
      " [3378109.00049413 3378109.00082926 3378109.00050016 ... 3378109.00125401\n",
      "  3378109.00120701 3378109.00070601]\n",
      " ...\n",
      " [3378109.00124797 3378109.00158312 3378109.00125401 ... 3378109.00200786\n",
      "  3378109.00196086 3378109.00145986]\n",
      " [3378109.00120098 3378109.00153612 3378109.00120701 ... 3378109.00196086\n",
      "  3378109.00191387 3378109.00141287]\n",
      " [3378109.00069998 3378109.00103512 3378109.00070601 ... 3378109.00145986\n",
      "  3378109.00141287 3378109.00091186]]\n",
      "[[3378109.00010313 3378109.00017394 3378109.00010441 ... 3378109.00026369\n",
      "  3378109.00025376 3378109.0001479 ]\n",
      " [3378109.00017394 3378109.00024476 3378109.00017522 ... 3378109.00033451\n",
      "  3378109.00032458 3378109.00021872]\n",
      " [3378109.00010441 3378109.00017522 3378109.00010568 ... 3378109.00026497\n",
      "  3378109.00025504 3378109.00014918]\n",
      " ...\n",
      " [3378109.00026369 3378109.00033451 3378109.00026497 ... 3378109.00042425\n",
      "  3378109.00041432 3378109.00030846]\n",
      " [3378109.00025376 3378109.00032458 3378109.00025504 ... 3378109.00041432\n",
      "  3378109.00040439 3378109.00029853]\n",
      " [3378109.0001479  3378109.00021872 3378109.00014918 ... 3378109.00030846\n",
      "  3378109.00029853 3378109.00019267]]\n",
      "[[3378109.00002179 3378109.00003676 3378109.00002206 ... 3378109.00005572\n",
      "  3378109.00005362 3378109.00003125]\n",
      " [3378109.00003676 3378109.00005172 3378109.00003703 ... 3378109.00007068\n",
      "  3378109.00006858 3378109.00004622]\n",
      " [3378109.00002206 3378109.00003703 3378109.00002233 ... 3378109.00005599\n",
      "  3378109.00005389 3378109.00003152]\n",
      " ...\n",
      " [3378109.00005572 3378109.00007068 3378109.00005599 ... 3378109.00008964\n",
      "  3378109.00008754 3378109.00006517]\n",
      " [3378109.00005362 3378109.00006858 3378109.00005389 ... 3378109.00008754\n",
      "  3378109.00008545 3378109.00006308]\n",
      " [3378109.00003125 3378109.00004621 3378109.00003152 ... 3378109.00006518\n",
      "  3378109.00006308 3378109.00004071]]\n",
      "[[3378109.00000461 3378109.00000777 3378109.00000466 ... 3378109.00001177\n",
      "  3378109.00001133 3378109.0000066 ]\n",
      " [3378109.00000777 3378109.00001093 3378109.00000782 ... 3378109.00001493\n",
      "  3378109.00001449 3378109.00000977]\n",
      " [3378109.00000466 3378109.00000782 3378109.00000472 ... 3378109.00001183\n",
      "  3378109.00001138 3378109.00000666]\n",
      " ...\n",
      " [3378109.00001177 3378109.00001493 3378109.00001183 ... 3378109.00001894\n",
      "  3378109.0000185  3378109.00001377]\n",
      " [3378109.00001133 3378109.00001449 3378109.00001138 ... 3378109.0000185\n",
      "  3378109.00001805 3378109.00001333]\n",
      " [3378109.0000066  3378109.00000977 3378109.00000666 ... 3378109.00001377\n",
      "  3378109.00001333 3378109.0000086 ]]\n",
      "[[3378109.00000097 3378109.00000164 3378109.00000098 ... 3378109.00000249\n",
      "  3378109.00000239 3378109.00000139]\n",
      " [3378109.00000164 3378109.00000231 3378109.00000165 ... 3378109.00000316\n",
      "  3378109.00000306 3378109.00000206]\n",
      " [3378109.00000098 3378109.00000165 3378109.000001   ... 3378109.0000025\n",
      "  3378109.0000024  3378109.00000141]\n",
      " ...\n",
      " [3378109.00000249 3378109.00000316 3378109.0000025  ... 3378109.000004\n",
      "  3378109.00000391 3378109.00000291]\n",
      " [3378109.00000239 3378109.00000306 3378109.0000024  ... 3378109.00000391\n",
      "  3378109.00000381 3378109.00000282]\n",
      " [3378109.0000014  3378109.00000206 3378109.00000141 ... 3378109.00000291\n",
      "  3378109.00000282 3378109.00000182]]\n",
      "[[3378109.00000021 3378109.00000035 3378109.00000021 ... 3378109.00000053\n",
      "  3378109.00000051 3378109.00000029]\n",
      " [3378109.00000035 3378109.00000049 3378109.00000035 ... 3378109.00000067\n",
      "  3378109.00000065 3378109.00000044]\n",
      " [3378109.00000021 3378109.00000035 3378109.00000021 ... 3378109.00000053\n",
      "  3378109.00000051 3378109.0000003 ]\n",
      " ...\n",
      " [3378109.00000053 3378109.00000067 3378109.00000053 ... 3378109.00000085\n",
      "  3378109.00000083 3378109.00000062]\n",
      " [3378109.00000051 3378109.00000065 3378109.00000051 ... 3378109.00000083\n",
      "  3378109.00000081 3378109.0000006 ]\n",
      " [3378109.00000029 3378109.00000044 3378109.0000003  ... 3378109.00000061\n",
      "  3378109.0000006  3378109.00000038]]\n"
     ]
    },
    {
     "name": "stdout",
     "output_type": "stream",
     "text": [
      "[[3378109.00000004 3378109.00000007 3378109.00000004 ... 3378109.00000011\n",
      "  3378109.00000011 3378109.00000006]\n",
      " [3378109.00000007 3378109.0000001  3378109.00000007 ... 3378109.00000014\n",
      "  3378109.00000014 3378109.00000009]\n",
      " [3378109.00000004 3378109.00000007 3378109.00000004 ... 3378109.00000011\n",
      "  3378109.00000011 3378109.00000006]\n",
      " ...\n",
      " [3378109.00000011 3378109.00000014 3378109.00000011 ... 3378109.00000018\n",
      "  3378109.00000018 3378109.00000013]\n",
      " [3378109.00000011 3378109.00000014 3378109.00000011 ... 3378109.00000018\n",
      "  3378109.00000017 3378109.00000013]\n",
      " [3378109.00000006 3378109.00000009 3378109.00000006 ... 3378109.00000013\n",
      "  3378109.00000013 3378109.00000008]]\n",
      "[[3378109.         3378109.00000001 3378109.         ... 3378109.00000001\n",
      "  3378109.00000001 3378109.        ]\n",
      " [3378109.00000001 3378109.00000001 3378109.00000001 ... 3378109.00000002\n",
      "  3378109.00000002 3378109.00000001]\n",
      " [3378109.         3378109.00000001 3378109.         ... 3378109.00000001\n",
      "  3378109.00000001 3378109.        ]\n",
      " ...\n",
      " [3378109.00000001 3378109.00000002 3378109.00000001 ... 3378109.00000003\n",
      "  3378109.00000003 3378109.00000002]\n",
      " [3378109.00000001 3378109.00000002 3378109.00000001 ... 3378109.00000003\n",
      "  3378109.00000003 3378109.00000002]\n",
      " [3378109.00000001 3378109.00000002 3378109.00000001 ... 3378109.00000003\n",
      "  3378109.00000002 3378109.00000001]]\n",
      "[[3378109. 3378109. 3378109. ... 3378109. 3378109. 3378109.]\n",
      " [3378109. 3378109. 3378109. ... 3378109. 3378109. 3378109.]\n",
      " [3378109. 3378109. 3378109. ... 3378109. 3378109. 3378109.]\n",
      " ...\n",
      " [3378109. 3378109. 3378109. ... 3378109. 3378109. 3378109.]\n",
      " [3378109. 3378109. 3378109. ... 3378109. 3378109. 3378109.]\n",
      " [3378109. 3378109. 3378109. ... 3378109. 3378109. 3378109.]]\n",
      "[[3378109. 3378109. 3378109. ... 3378109. 3378109. 3378109.]\n",
      " [3378109. 3378109. 3378109. ... 3378109. 3378109. 3378109.]\n",
      " [3378109. 3378109. 3378109. ... 3378109. 3378109. 3378109.]\n",
      " ...\n",
      " [3378109. 3378109. 3378109. ... 3378109. 3378109. 3378109.]\n",
      " [3378109. 3378109. 3378109. ... 3378109. 3378109. 3378109.]\n",
      " [3378109. 3378109. 3378109. ... 3378109. 3378109. 3378109.]]\n",
      "[[3378109. 3378109. 3378109. ... 3378109. 3378109. 3378109.]\n",
      " [3378109. 3378109. 3378109. ... 3378109. 3378109. 3378109.]\n",
      " [3378109. 3378109. 3378109. ... 3378109. 3378109. 3378109.]\n",
      " ...\n",
      " [3378109. 3378109. 3378109. ... 3378109. 3378109. 3378109.]\n",
      " [3378109. 3378109. 3378109. ... 3378109. 3378109. 3378109.]\n",
      " [3378109. 3378109. 3378109. ... 3378109. 3378109. 3378109.]]\n",
      "[[3378109. 3378109. 3378109. ... 3378109. 3378109. 3378109.]\n",
      " [3378109. 3378109. 3378109. ... 3378109. 3378109. 3378109.]\n",
      " [3378109. 3378109. 3378109. ... 3378109. 3378109. 3378109.]\n",
      " ...\n",
      " [3378109. 3378109. 3378109. ... 3378109. 3378109. 3378109.]\n",
      " [3378109. 3378109. 3378109. ... 3378109. 3378109. 3378109.]\n",
      " [3378109. 3378109. 3378109. ... 3378109. 3378109. 3378109.]]\n",
      "[[3378109. 3378109. 3378109. ... 3378109. 3378109. 3378109.]\n",
      " [3378109. 3378109. 3378109. ... 3378109. 3378109. 3378109.]\n",
      " [3378109. 3378109. 3378109. ... 3378109. 3378109. 3378109.]\n",
      " ...\n",
      " [3378109. 3378109. 3378109. ... 3378109. 3378109. 3378109.]\n",
      " [3378109. 3378109. 3378109. ... 3378109. 3378109. 3378109.]\n",
      " [3378109. 3378109. 3378109. ... 3378109. 3378109. 3378109.]]\n",
      "[[3378109. 3378109. 3378109. ... 3378109. 3378109. 3378109.]\n",
      " [3378109. 3378109. 3378109. ... 3378109. 3378109. 3378109.]\n",
      " [3378109. 3378109. 3378109. ... 3378109. 3378109. 3378109.]\n",
      " ...\n",
      " [3378109. 3378109. 3378109. ... 3378109. 3378109. 3378109.]\n",
      " [3378109. 3378109. 3378109. ... 3378109. 3378109. 3378109.]\n",
      " [3378109. 3378109. 3378109. ... 3378109. 3378109. 3378109.]]\n",
      "[[3378109. 3378109. 3378109. ... 3378109. 3378109. 3378109.]\n",
      " [3378109. 3378109. 3378109. ... 3378109. 3378109. 3378109.]\n",
      " [3378109. 3378109. 3378109. ... 3378109. 3378109. 3378109.]\n",
      " ...\n",
      " [3378109. 3378109. 3378109. ... 3378109. 3378109. 3378109.]\n",
      " [3378109. 3378109. 3378109. ... 3378109. 3378109. 3378109.]\n",
      " [3378109. 3378109. 3378109. ... 3378109. 3378109. 3378109.]]\n",
      "[[3378109. 3378109. 3378109. ... 3378109. 3378109. 3378109.]\n",
      " [3378109. 3378109. 3378109. ... 3378109. 3378109. 3378109.]\n",
      " [3378109. 3378109. 3378109. ... 3378109. 3378109. 3378109.]\n",
      " ...\n",
      " [3378109. 3378109. 3378109. ... 3378109. 3378109. 3378109.]\n",
      " [3378109. 3378109. 3378109. ... 3378109. 3378109. 3378109.]\n",
      " [3378109. 3378109. 3378109. ... 3378109. 3378109. 3378109.]]\n",
      "[[3378109. 3378109. 3378109. ... 3378109. 3378109. 3378109.]\n",
      " [3378109. 3378109. 3378109. ... 3378109. 3378109. 3378109.]\n",
      " [3378109. 3378109. 3378109. ... 3378109. 3378109. 3378109.]\n",
      " ...\n",
      " [3378109. 3378109. 3378109. ... 3378109. 3378109. 3378109.]\n",
      " [3378109. 3378109. 3378109. ... 3378109. 3378109. 3378109.]\n",
      " [3378109. 3378109. 3378109. ... 3378109. 3378109. 3378109.]]\n",
      "[[3378109. 3378109. 3378109. ... 3378109. 3378109. 3378109.]\n",
      " [3378109. 3378109. 3378109. ... 3378109. 3378109. 3378109.]\n",
      " [3378109. 3378109. 3378109. ... 3378109. 3378109. 3378109.]\n",
      " ...\n",
      " [3378109. 3378109. 3378109. ... 3378109. 3378109. 3378109.]\n",
      " [3378109. 3378109. 3378109. ... 3378109. 3378109. 3378109.]\n",
      " [3378109. 3378109. 3378109. ... 3378109. 3378109. 3378109.]]\n",
      "[[3378109. 3378109. 3378109. ... 3378109. 3378109. 3378109.]\n",
      " [3378109. 3378109. 3378109. ... 3378109. 3378109. 3378109.]\n",
      " [3378109. 3378109. 3378109. ... 3378109. 3378109. 3378109.]\n",
      " ...\n",
      " [3378109. 3378109. 3378109. ... 3378109. 3378109. 3378109.]\n",
      " [3378109. 3378109. 3378109. ... 3378109. 3378109. 3378109.]\n",
      " [3378109. 3378109. 3378109. ... 3378109. 3378109. 3378109.]]\n",
      "[[3378109. 3378109. 3378109. ... 3378109. 3378109. 3378109.]\n",
      " [3378109. 3378109. 3378109. ... 3378109. 3378109. 3378109.]\n",
      " [3378109. 3378109. 3378109. ... 3378109. 3378109. 3378109.]\n",
      " ...\n",
      " [3378109. 3378109. 3378109. ... 3378109. 3378109. 3378109.]\n",
      " [3378109. 3378109. 3378109. ... 3378109. 3378109. 3378109.]\n",
      " [3378109. 3378109. 3378109. ... 3378109. 3378109. 3378109.]]\n",
      "[[3378109. 3378109. 3378109. ... 3378109. 3378109. 3378109.]\n",
      " [3378109. 3378109. 3378109. ... 3378109. 3378109. 3378109.]\n",
      " [3378109. 3378109. 3378109. ... 3378109. 3378109. 3378109.]\n",
      " ...\n",
      " [3378109. 3378109. 3378109. ... 3378109. 3378109. 3378109.]\n",
      " [3378109. 3378109. 3378109. ... 3378109. 3378109. 3378109.]\n",
      " [3378109. 3378109. 3378109. ... 3378109. 3378109. 3378109.]]\n",
      "[[3378109. 3378109. 3378109. ... 3378109. 3378109. 3378109.]\n",
      " [3378109. 3378109. 3378109. ... 3378109. 3378109. 3378109.]\n",
      " [3378109. 3378109. 3378109. ... 3378109. 3378109. 3378109.]\n",
      " ...\n",
      " [3378109. 3378109. 3378109. ... 3378109. 3378109. 3378109.]\n",
      " [3378109. 3378109. 3378109. ... 3378109. 3378109. 3378109.]\n",
      " [3378109. 3378109. 3378109. ... 3378109. 3378109. 3378109.]]\n",
      "[[3378109. 3378109. 3378109. ... 3378109. 3378109. 3378109.]\n",
      " [3378109. 3378109. 3378109. ... 3378109. 3378109. 3378109.]\n",
      " [3378109. 3378109. 3378109. ... 3378109. 3378109. 3378109.]\n",
      " ...\n",
      " [3378109. 3378109. 3378109. ... 3378109. 3378109. 3378109.]\n",
      " [3378109. 3378109. 3378109. ... 3378109. 3378109. 3378109.]\n",
      " [3378109. 3378109. 3378109. ... 3378109. 3378109. 3378109.]]\n",
      "[[3378109. 3378109. 3378109. ... 3378109. 3378109. 3378109.]\n",
      " [3378109. 3378109. 3378109. ... 3378109. 3378109. 3378109.]\n",
      " [3378109. 3378109. 3378109. ... 3378109. 3378109. 3378109.]\n",
      " ...\n",
      " [3378109. 3378109. 3378109. ... 3378109. 3378109. 3378109.]\n",
      " [3378109. 3378109. 3378109. ... 3378109. 3378109. 3378109.]\n",
      " [3378109. 3378109. 3378109. ... 3378109. 3378109. 3378109.]]\n",
      "[[3378109. 3378109. 3378109. ... 3378109. 3378109. 3378109.]\n",
      " [3378109. 3378109. 3378109. ... 3378109. 3378109. 3378109.]\n",
      " [3378109. 3378109. 3378109. ... 3378109. 3378109. 3378109.]\n",
      " ...\n",
      " [3378109. 3378109. 3378109. ... 3378109. 3378109. 3378109.]\n",
      " [3378109. 3378109. 3378109. ... 3378109. 3378109. 3378109.]\n",
      " [3378109. 3378109. 3378109. ... 3378109. 3378109. 3378109.]]\n",
      "[[3378109. 3378109. 3378109. ... 3378109. 3378109. 3378109.]\n",
      " [3378109. 3378109. 3378109. ... 3378109. 3378109. 3378109.]\n",
      " [3378109. 3378109. 3378109. ... 3378109. 3378109. 3378109.]\n",
      " ...\n",
      " [3378109. 3378109. 3378109. ... 3378109. 3378109. 3378109.]\n",
      " [3378109. 3378109. 3378109. ... 3378109. 3378109. 3378109.]\n",
      " [3378109. 3378109. 3378109. ... 3378109. 3378109. 3378109.]]\n",
      "[[3378109. 3378109. 3378109. ... 3378109. 3378109. 3378109.]\n",
      " [3378109. 3378109. 3378109. ... 3378109. 3378109. 3378109.]\n",
      " [3378109. 3378109. 3378109. ... 3378109. 3378109. 3378109.]\n",
      " ...\n",
      " [3378109. 3378109. 3378109. ... 3378109. 3378109. 3378109.]\n",
      " [3378109. 3378109. 3378109. ... 3378109. 3378109. 3378109.]\n",
      " [3378109. 3378109. 3378109. ... 3378109. 3378109. 3378109.]]\n",
      "[[3378109. 3378109. 3378109. ... 3378109. 3378109. 3378109.]\n",
      " [3378109. 3378109. 3378109. ... 3378109. 3378109. 3378109.]\n",
      " [3378109. 3378109. 3378109. ... 3378109. 3378109. 3378109.]\n",
      " ...\n",
      " [3378109. 3378109. 3378109. ... 3378109. 3378109. 3378109.]\n",
      " [3378109. 3378109. 3378109. ... 3378109. 3378109. 3378109.]\n",
      " [3378109. 3378109. 3378109. ... 3378109. 3378109. 3378109.]]\n",
      "[[3378109. 3378109. 3378109. ... 3378109. 3378109. 3378109.]\n",
      " [3378109. 3378109. 3378109. ... 3378109. 3378109. 3378109.]\n",
      " [3378109. 3378109. 3378109. ... 3378109. 3378109. 3378109.]\n",
      " ...\n",
      " [3378109. 3378109. 3378109. ... 3378109. 3378109. 3378109.]\n",
      " [3378109. 3378109. 3378109. ... 3378109. 3378109. 3378109.]\n",
      " [3378109. 3378109. 3378109. ... 3378109. 3378109. 3378109.]]\n",
      "[[3378109. 3378109. 3378109. ... 3378109. 3378109. 3378109.]\n",
      " [3378109. 3378109. 3378109. ... 3378109. 3378109. 3378109.]\n",
      " [3378109. 3378109. 3378109. ... 3378109. 3378109. 3378109.]\n",
      " ...\n",
      " [3378109. 3378109. 3378109. ... 3378109. 3378109. 3378109.]\n",
      " [3378109. 3378109. 3378109. ... 3378109. 3378109. 3378109.]\n",
      " [3378109. 3378109. 3378109. ... 3378109. 3378109. 3378109.]]\n",
      "[[3378109. 3378109. 3378109. ... 3378109. 3378109. 3378109.]\n",
      " [3378109. 3378109. 3378109. ... 3378109. 3378109. 3378109.]\n",
      " [3378109. 3378109. 3378109. ... 3378109. 3378109. 3378109.]\n",
      " ...\n",
      " [3378109. 3378109. 3378109. ... 3378109. 3378109. 3378109.]\n",
      " [3378109. 3378109. 3378109. ... 3378109. 3378109. 3378109.]\n",
      " [3378109. 3378109. 3378109. ... 3378109. 3378109. 3378109.]]\n",
      "[[3378109. 3378109. 3378109. ... 3378109. 3378109. 3378109.]\n",
      " [3378109. 3378109. 3378109. ... 3378109. 3378109. 3378109.]\n",
      " [3378109. 3378109. 3378109. ... 3378109. 3378109. 3378109.]\n",
      " ...\n",
      " [3378109. 3378109. 3378109. ... 3378109. 3378109. 3378109.]\n",
      " [3378109. 3378109. 3378109. ... 3378109. 3378109. 3378109.]\n",
      " [3378109. 3378109. 3378109. ... 3378109. 3378109. 3378109.]]\n",
      "[[3378109. 3378109. 3378109. ... 3378109. 3378109. 3378109.]\n",
      " [3378109. 3378109. 3378109. ... 3378109. 3378109. 3378109.]\n",
      " [3378109. 3378109. 3378109. ... 3378109. 3378109. 3378109.]\n",
      " ...\n",
      " [3378109. 3378109. 3378109. ... 3378109. 3378109. 3378109.]\n",
      " [3378109. 3378109. 3378109. ... 3378109. 3378109. 3378109.]\n",
      " [3378109. 3378109. 3378109. ... 3378109. 3378109. 3378109.]]\n",
      "[[3378109. 3378109. 3378109. ... 3378109. 3378109. 3378109.]\n",
      " [3378109. 3378109. 3378109. ... 3378109. 3378109. 3378109.]\n",
      " [3378109. 3378109. 3378109. ... 3378109. 3378109. 3378109.]\n",
      " ...\n",
      " [3378109. 3378109. 3378109. ... 3378109. 3378109. 3378109.]\n",
      " [3378109. 3378109. 3378109. ... 3378109. 3378109. 3378109.]\n",
      " [3378109. 3378109. 3378109. ... 3378109. 3378109. 3378109.]]\n",
      "[[3378109. 3378109. 3378109. ... 3378109. 3378109. 3378109.]\n",
      " [3378109. 3378109. 3378109. ... 3378109. 3378109. 3378109.]\n",
      " [3378109. 3378109. 3378109. ... 3378109. 3378109. 3378109.]\n",
      " ...\n",
      " [3378109. 3378109. 3378109. ... 3378109. 3378109. 3378109.]\n",
      " [3378109. 3378109. 3378109. ... 3378109. 3378109. 3378109.]\n",
      " [3378109. 3378109. 3378109. ... 3378109. 3378109. 3378109.]]\n",
      "[[3378109. 3378109. 3378109. ... 3378109. 3378109. 3378109.]\n",
      " [3378109. 3378109. 3378109. ... 3378109. 3378109. 3378109.]\n",
      " [3378109. 3378109. 3378109. ... 3378109. 3378109. 3378109.]\n",
      " ...\n",
      " [3378109. 3378109. 3378109. ... 3378109. 3378109. 3378109.]\n",
      " [3378109. 3378109. 3378109. ... 3378109. 3378109. 3378109.]\n",
      " [3378109. 3378109. 3378109. ... 3378109. 3378109. 3378109.]]\n",
      "[[3378109. 3378109. 3378109. ... 3378109. 3378109. 3378109.]\n",
      " [3378109. 3378109. 3378109. ... 3378109. 3378109. 3378109.]\n",
      " [3378109. 3378109. 3378109. ... 3378109. 3378109. 3378109.]\n",
      " ...\n",
      " [3378109. 3378109. 3378109. ... 3378109. 3378109. 3378109.]\n",
      " [3378109. 3378109. 3378109. ... 3378109. 3378109. 3378109.]\n",
      " [3378109. 3378109. 3378109. ... 3378109. 3378109. 3378109.]]\n",
      "[[3378109. 3378109. 3378109. ... 3378109. 3378109. 3378109.]\n",
      " [3378109. 3378109. 3378109. ... 3378109. 3378109. 3378109.]\n",
      " [3378109. 3378109. 3378109. ... 3378109. 3378109. 3378109.]\n",
      " ...\n",
      " [3378109. 3378109. 3378109. ... 3378109. 3378109. 3378109.]\n",
      " [3378109. 3378109. 3378109. ... 3378109. 3378109. 3378109.]\n",
      " [3378109. 3378109. 3378109. ... 3378109. 3378109. 3378109.]]\n",
      "[[3378109. 3378109. 3378109. ... 3378109. 3378109. 3378109.]\n",
      " [3378109. 3378109. 3378109. ... 3378109. 3378109. 3378109.]\n",
      " [3378109. 3378109. 3378109. ... 3378109. 3378109. 3378109.]\n",
      " ...\n",
      " [3378109. 3378109. 3378109. ... 3378109. 3378109. 3378109.]\n",
      " [3378109. 3378109. 3378109. ... 3378109. 3378109. 3378109.]\n",
      " [3378109. 3378109. 3378109. ... 3378109. 3378109. 3378109.]]\n",
      "[[3378109. 3378109. 3378109. ... 3378109. 3378109. 3378109.]\n",
      " [3378109. 3378109. 3378109. ... 3378109. 3378109. 3378109.]\n",
      " [3378109. 3378109. 3378109. ... 3378109. 3378109. 3378109.]\n",
      " ...\n",
      " [3378109. 3378109. 3378109. ... 3378109. 3378109. 3378109.]\n",
      " [3378109. 3378109. 3378109. ... 3378109. 3378109. 3378109.]\n",
      " [3378109. 3378109. 3378109. ... 3378109. 3378109. 3378109.]]\n",
      "[[3378109. 3378109. 3378109. ... 3378109. 3378109. 3378109.]\n",
      " [3378109. 3378109. 3378109. ... 3378109. 3378109. 3378109.]\n",
      " [3378109. 3378109. 3378109. ... 3378109. 3378109. 3378109.]\n",
      " ...\n",
      " [3378109. 3378109. 3378109. ... 3378109. 3378109. 3378109.]\n",
      " [3378109. 3378109. 3378109. ... 3378109. 3378109. 3378109.]\n",
      " [3378109. 3378109. 3378109. ... 3378109. 3378109. 3378109.]]\n",
      "[[3378109. 3378109. 3378109. ... 3378109. 3378109. 3378109.]\n",
      " [3378109. 3378109. 3378109. ... 3378109. 3378109. 3378109.]\n",
      " [3378109. 3378109. 3378109. ... 3378109. 3378109. 3378109.]\n",
      " ...\n",
      " [3378109. 3378109. 3378109. ... 3378109. 3378109. 3378109.]\n",
      " [3378109. 3378109. 3378109. ... 3378109. 3378109. 3378109.]\n",
      " [3378109. 3378109. 3378109. ... 3378109. 3378109. 3378109.]]\n",
      "[[3378109. 3378109. 3378109. ... 3378109. 3378109. 3378109.]\n",
      " [3378109. 3378109. 3378109. ... 3378109. 3378109. 3378109.]\n",
      " [3378109. 3378109. 3378109. ... 3378109. 3378109. 3378109.]\n",
      " ...\n",
      " [3378109. 3378109. 3378109. ... 3378109. 3378109. 3378109.]\n",
      " [3378109. 3378109. 3378109. ... 3378109. 3378109. 3378109.]\n",
      " [3378109. 3378109. 3378109. ... 3378109. 3378109. 3378109.]]\n",
      "[[3378109. 3378109. 3378109. ... 3378109. 3378109. 3378109.]\n",
      " [3378109. 3378109. 3378109. ... 3378109. 3378109. 3378109.]\n",
      " [3378109. 3378109. 3378109. ... 3378109. 3378109. 3378109.]\n",
      " ...\n",
      " [3378109. 3378109. 3378109. ... 3378109. 3378109. 3378109.]\n",
      " [3378109. 3378109. 3378109. ... 3378109. 3378109. 3378109.]\n",
      " [3378109. 3378109. 3378109. ... 3378109. 3378109. 3378109.]]\n",
      "[[3378109. 3378109. 3378109. ... 3378109. 3378109. 3378109.]\n",
      " [3378109. 3378109. 3378109. ... 3378109. 3378109. 3378109.]\n",
      " [3378109. 3378109. 3378109. ... 3378109. 3378109. 3378109.]\n",
      " ...\n",
      " [3378109. 3378109. 3378109. ... 3378109. 3378109. 3378109.]\n",
      " [3378109. 3378109. 3378109. ... 3378109. 3378109. 3378109.]\n",
      " [3378109. 3378109. 3378109. ... 3378109. 3378109. 3378109.]]\n",
      "[[3378109. 3378109. 3378109. ... 3378109. 3378109. 3378109.]\n",
      " [3378109. 3378109. 3378109. ... 3378109. 3378109. 3378109.]\n",
      " [3378109. 3378109. 3378109. ... 3378109. 3378109. 3378109.]\n",
      " ...\n",
      " [3378109. 3378109. 3378109. ... 3378109. 3378109. 3378109.]\n",
      " [3378109. 3378109. 3378109. ... 3378109. 3378109. 3378109.]\n",
      " [3378109. 3378109. 3378109. ... 3378109. 3378109. 3378109.]]\n",
      "[[3378109. 3378109. 3378109. ... 3378109. 3378109. 3378109.]\n",
      " [3378109. 3378109. 3378109. ... 3378109. 3378109. 3378109.]\n",
      " [3378109. 3378109. 3378109. ... 3378109. 3378109. 3378109.]\n",
      " ...\n",
      " [3378109. 3378109. 3378109. ... 3378109. 3378109. 3378109.]\n",
      " [3378109. 3378109. 3378109. ... 3378109. 3378109. 3378109.]\n"
     ]
    },
    {
     "name": "stdout",
     "output_type": "stream",
     "text": [
      " [3378109. 3378109. 3378109. ... 3378109. 3378109. 3378109.]]\n",
      "[[3378109. 3378109. 3378109. ... 3378109. 3378109. 3378109.]\n",
      " [3378109. 3378109. 3378109. ... 3378109. 3378109. 3378109.]\n",
      " [3378109. 3378109. 3378109. ... 3378109. 3378109. 3378109.]\n",
      " ...\n",
      " [3378109. 3378109. 3378109. ... 3378109. 3378109. 3378109.]\n",
      " [3378109. 3378109. 3378109. ... 3378109. 3378109. 3378109.]\n",
      " [3378109. 3378109. 3378109. ... 3378109. 3378109. 3378109.]]\n",
      "[[3378109. 3378109. 3378109. ... 3378109. 3378109. 3378109.]\n",
      " [3378109. 3378109. 3378109. ... 3378109. 3378109. 3378109.]\n",
      " [3378109. 3378109. 3378109. ... 3378109. 3378109. 3378109.]\n",
      " ...\n",
